3.498
2.213
2.073
1.835
1.830
1.823
2.065
1.850
1.991
2.125
1.925
1.767
1.904
1.876
2.319
2.040
2.017
2.022
2.280
1.748
2.147
1.870
1.782
2.059
1.902
1.921
2.000
2.124
4.923
2.274
2.382
2.410
2.410
2.149
2.309
2.497
4.529
2.644
3.742
2.275
3.931
2.201
2.205
1.943
2.539
1.719
2.047
2.309
3.468
3.912
1.860
2.097
3.080
2.829
2.001
2.121
2.172
2.058
1.770
2.057
2.170
2.242
2.423
2.224
1.846
2.286
1.786
3.203
1.931
1.974
1.758
2.131
2.027
1.900
1.905
2.326
2.039
2.094
2.006
2.093
2.389
1.861
2.253
2.225
2.072
2.298
2.319
1.865
1.926
3.853
2.025
2.031
2.407
2.049
1.978
2.002
1.767
1.689
2.406
2.369
1.950
2.061
2.053
1.823
2.460
1.953
1.672
2.673
1.860
4.404
3.354
2.866
1.916
1.845
2.379
1.939
2.632
2.340
1.769
2.057
2.244
2.161
2.081
1.841
2.091
2.522
1.938
1.873
2.125
2.073
1.627
1.957
1.725
3.139
2.220
2.110
1.876
2.190
3.106
1.879
2.427
2.268
2.594
2.224
2.122
2.775
3.911
2.963
2.923
2.438
5.081
2.091
2.261
2.299
2.412
2.140
2.363
2.787
2.744
3.543
2.404
2.165
2.068
2.274
3.241
3.993
2.153
3.022
1.910
2.223
2.280
2.675
2.179
2.247
1.776
1.888
2.249
1.705
2.820
3.528
2.034
2.210
2.462
2.878
2.189
2.394
2.131
1.932
1.952
1.803
2.052
1.743
1.858
2.058
2.371
1.816
1.899
2.158
1.871
2.538
2.382
1.988
2.069
2.490
3.065
1.995
6.339
1.761
2.134
2.024
1.810
2.100
1.969
2.222
2.042
1.764
1.968
1.898
1.755
2.045
1.984
2.057
2.007
2.079
4.232
1.707
2.405
1.877
4.680
2.106
2.101
1.949
2.093
1.855
1.880
1.967
2.089
1.969
2.022
1.832
2.189
1.958
1.931
2.201
2.061
2.031
2.196
2.221
2.375
2.924
1.948
1.720
2.186
2.411
2.082
1.720
1.637
1.744
1.787
1.779
1.889
2.227
2.349
1.822
1.838
1.696
2.474
2.140
1.638
2.155
2.825
2.170
1.876
1.854
1.909
2.278
2.318
2.060
2.259
1.610
2.091
2.094
4.427
2.288
2.267
1.858
2.208
2.139
1.672
1.747
2.017
1.723
2.740
3.102
1.698
3.070
1.876
1.911
1.935
2.237
2.006
1.781
3.546
3.536
2.462
2.316
2.683
2.360
2.262
7.008