26.309
2.138
2.042
1.626
1.641
1.764
1.645
3.840
1.824
1.641
1.497
1.456
1.499
1.860
1.539
3.236
1.631
1.582
3.793
1.900
1.642
1.800
1.493
1.696
2.156
1.759
1.824
3.041
1.909
1.797
1.812
2.760
1.556
1.464
1.802
1.639
2.040
1.890
1.702
1.650
1.893
1.906
1.866
1.709
1.863
2.075
1.723
1.696
2.043
1.781
1.482
1.513
1.518
1.510
1.521
1.568
2.190
1.481
1.590
1.714
1.586
1.807
1.604
1.696
1.821
1.609
3.565
4.559
2.834
2.076
2.588
1.912
1.802
1.760
1.834
1.938
1.544
1.602
1.620
1.693
1.572
1.650
1.589
1.571
2.179
1.724
1.658
1.872
1.741
1.906
1.662
1.665
1.642
1.790
2.544
1.620
2.293
1.434
1.629
1.676
1.608
1.808
1.852
1.837
1.758
3.130
1.558
1.760
2.366
1.515
2.397
2.165
1.786
1.570
1.804
3.583
2.014
1.882
1.716
2.083
1.672
1.548
3.359
2.893
1.824
4.297
1.563
1.679
1.470
1.664
1.799
1.727
1.710
1.539
1.626
2.112
2.118
1.607
1.629
1.557
1.747
1.605
1.572
1.563
1.662
1.806
1.723
1.405
1.402
1.435
1.909
1.571
1.498
1.876
1.551
2.049
11.340
4.910
3.969
1.563
2.331
1.675
2.792
1.775
1.486
1.550
1.564
1.942
1.708
1.981
2.061
1.531
2.040
1.982
1.993
1.516
1.748
2.798
2.803
1.858
2.192
2.580
1.532
1.645
1.501
2.097
1.750
1.634
1.518
1.555
1.551
1.611
3.210
1.490
1.419
1.593
1.868
1.604
2.559
3.627
1.524
1.458
2.160
1.460
1.549
1.561
1.493
1.430
1.484
3.749
1.763
1.682
1.407
1.930
1.861
1.561
2.232
1.675
1.677
2.203
1.951
2.252
1.671
1.821
1.463
1.792
1.727
3.089
1.586
1.424
1.497
1.372
1.439
1.364
1.475
1.436
1.983
2.661
1.659
1.445
1.512
1.555
1.505
1.638
1.474
1.650
1.877
1.448
1.742
1.813
1.576
1.703
1.502
1.535
1.459
1.532
1.554
1.386
1.554
1.546
1.459
1.662
1.523
1.877
1.443
1.631
1.605
2.611
1.820
1.446
1.973
2.080
1.583
1.553
2.693
1.550
1.566
1.726
1.584
1.453
1.610
1.556
1.484
1.718
1.741
1.692
1.714
1.497
1.707
1.748
1.957
1.848
1.631
3.698
1.894
3.539
1.540
1.706
1.707
1.506
1.584
2.293
2.172
1.817
1.663
2.728
1.572
3.844
1.798
1.488