 30.222
 4.223
 4.589
 3.878
 4.702
 4.529
 3.724
 3.620
 3.452
 7.251
 5.475
 5.946
 6.030
 5.586
 5.634
 4.184
 4.159
 3.538
 10.589
 3.150
 3.552
 5.030
 5.695
 7.198
 4.032
 3.164
 3.588
 3.323
 3.604
 4.094
 5.342
 7.344
 4.006
 3.976
 4.001
 3.792
 4.213
 3.081
 3.155
 3.241
 3.121
 3.673
 5.258
 3.023
 5.946
 3.038
 3.727
 4.482
 3.369
 2.865
 3.879
 4.288
 4.680
 3.824
 4.930
 2.696
 6.309
 3.770
 3.922
 2.933
 3.329
 3.615
 2.734
 2.638
 4.194
 2.580
 3.810
 3.044
 2.750
 3.095
 3.837
 5.309
 2.435
 2.877
 3.660
 3.593
 2.674
 4.352
 3.311
 2.808
 6.364
 3.173
 3.240
 3.072
 4.157
 3.280
 3.240
 4.433
 2.715
 3.991
 7.607
 4.018
 3.565
 2.890
 4.652
 4.234
 3.702
 4.445
 2.546
 3.431
 4.258
 4.397
 3.335
 2.931
 4.880
 3.920
 2.502
 5.709
 3.030
 3.415
 3.911
 3.691
 3.096
 4.728
 6.614
 2.376
 2.995
 3.340
 3.070
 4.166
 3.956
 4.572
 2.478
 3.220
 2.653
 2.481
 2.261
 2.347
 2.794
 3.028
 6.179
 2.944
 2.698
 2.446
 2.557
 2.931
 6.510
 2.421
 4.697
 3.795
 4.916
 2.513
 3.230
 2.988
 3.596
 2.832
 2.234
 3.471
 5.737
 3.158
 6.805
 2.792
 3.907
 3.670
 3.136
 4.521
 4.081
 2.356
 2.968
 2.674
 2.990
 4.354
 2.892
 2.474
 4.180
 2.988
 2.320
 2.463
 3.370
 2.724
 4.082
 2.744
 3.699
 4.091
 4.276
 3.302
 3.897
 3.457
 3.448
 4.315
 4.919
 2.699
 2.428
 2.300
 3.960
 2.423
 4.679
 2.247
 3.543
 2.469
 2.725
 2.329
 8.804
 3.215
 2.676
 2.382
 3.229
 2.326
 2.385
 2.882
 6.155
 2.415
 4.219
 5.499
 3.573
 2.411
 2.956
 3.287
 2.998
 2.609
 2.990
 2.798
 9.033
 3.821
 2.384
 3.433
 4.843
 2.855
 2.693
 2.558
 5.738
 10.296
 9.600
 5.211
 3.148
 2.816
 3.753
 3.634
 3.027
 3.472
 2.687
 2.264
 2.468
 2.964
 3.853
 2.416
 3.267
 2.555
 2.278
 4.809
 2.158
 3.027
 4.515
 2.271
 2.536
 2.234
 2.658
 3.103
 2.546
 2.195
 3.334
 2.887
 2.990
 3.122
 4.250
 3.286
 3.109
 3.284
 2.562
 3.200
 3.333
 7.976
 3.427
 3.616
 8.449
 2.383
 2.752
 2.317
 2.649
 3.733
 2.205
 4.339
 4.422
 2.579
 2.579
 2.313
 2.409
 2.471
 2.326
 2.402
 2.122
 3.061
 4.479
 3.085
 2.830
 2.787
 3.592
 3.736
 2.802
 3.425
 2.935
 3.432
 2.467
 3.072
 2.717
 2.401
 3.026
 2.404
 2.152
 2.200
 2.065
 4.919
 3.796
 2.858
 2.979
 2.389
 2.856
 4.696
 3.024
 3.078
 show: 29.545